10 45
1 2
1 3
1 5
1 6
1 12
1 13
1 14
1 15
1 16
1 17
1 21
1 23
1 25
1 26
1 27
1 28
1 29
1 34
1 36
1 37
1 41
1 42
1 44
2 3
2 4
2 6
2 7
2 8
2 9
2 10
2 13
2 15
2 19
2 20
2 27
2 28
2 31
2 33
2 34
2 36
2 37
2 38
2 39
2 44
2 45
3 4
3 6
3 7
3 13
3 14
3 16
3 17
3 18
3 20
3 23
3 28
3 29
3 31
3 32
3 33
3 34
3 36
3 40
3 41
3 42
3 43
3 44
3 45
4 6
4 8
4 9
4 10
4 12
4 13
4 14
4 15
4 19
4 20
4 21
4 22
4 23
4 26
4 27
4 31
4 33
4 36
4 38
4 40
4 43
4 45
5 6
5 7
5 8
5 10
5 15
5 17
5 21
5 29
5 30
5 32
5 36
5 37
5 41
5 42
5 43
5 44
6 7
6 9
6 14
6 15
6 16
6 17
6 18
6 24
6 25
6 28
6 29
6 33
6 34
6 36
6 37
6 39
6 40
6 41
6 42
6 43
7 8
7 9
7 12
7 13
7 14
7 15
7 18
7 19
7 22
7 24
7 25
7 26
7 27
7 29
7 33
7 37
7 40
7 43
8 10
8 11
8 12
8 13
8 28
8 31
8 33
8 34
8 36
8 37
8 38
8 40
8 43
8 45
9 13
9 14
9 18
9 22
9 23
9 24
9 25
9 26
9 29
9 30
9 31
9 35
9 37
9 38
10 12
10 13
10 16
10 19
10 21
10 23
10 25
10 26
10 28
10 29
10 31
10 34
10 41
10 43
11 12
11 14
11 15
11 16
11 18
11 19
11 20
11 22
11 23
11 27
11 28
11 29
11 30
11 32
11 33
11 35
11 40
11 41
11 42
11 44
11 45
12 13
12 14
12 16
12 17
12 19
12 21
12 23
12 24
12 25
12 26
12 28
12 29
12 30
12 33
12 36
12 37
12 39
12 40
12 41
12 42
12 43
13 15
13 16
13 17
13 18
13 19
13 20
13 21
13 27
13 31
13 33
13 34
13 36
13 37
13 40
13 42
13 44
13 45
14 16
14 17
14 18
14 20
14 22
14 23
14 25
14 34
14 37
14 39
14 43
14 44
14 45
15 16
15 19
15 20
15 21
15 22
15 23
15 24
15 25
15 26
15 28
15 30
15 32
15 34
15 36
15 37
15 38
15 39
15 40
15 43
15 45
16 18
16 19
16 20
16 21
16 22
16 23
16 24
16 29
16 30
16 31
16 33
16 34
16 35
16 36
16 37
16 39
16 43
16 44
16 45
17 20
17 23
17 28
17 29
17 30
17 31
17 32
17 36
17 37
17 38
17 39
17 42
17 43
17 44
18 19
18 20
18 21
18 22
18 23
18 24
18 25
18 26
18 27
18 29
18 30
18 31
18 33
18 34
18 38
18 39
18 41
18 42
18 43
19 20
19 21
19 23
19 26
19 28
19 31
19 35
19 36
19 40
19 41
19 43
20 21
20 22
20 24
20 25
20 26
20 29
20 32
20 33
20 34
20 35
20 36
20 37
20 38
20 40
20 43
20 44
21 23
21 24
21 25
21 26
21 28
21 30
21 31
21 32
21 33
21 35
21 38
21 41
21 43
21 44
21 45
22 23
22 26
22 27
22 28
22 30
22 33
22 34
22 35
22 37
22 38
22 39
22 41
22 44
22 45
23 25
23 26
23 27
23 30
23 31
23 32
23 33
23 34
23 35
23 38
23 45
24 26
24 30
24 32
24 33
24 35
24 38
24 41
24 43
24 45
25 26
25 27
25 29
25 30
25 32
25 34
25 36
25 37
25 38
25 40
26 28
26 30
26 36
26 39
26 40
26 44
26 45
27 28
27 30
27 31
27 32
27 33
27 38
27 40
27 43
27 44
28 31
28 35
28 36
28 38
28 42
28 44
29 31
29 32
29 33
29 35
29 36
29 37
29 38
29 39
29 40
29 42
29 43
30 37
30 39
30 41
30 42
30 45
31 34
31 35
31 36
31 37
31 38
31 41
31 42
31 43
31 45
32 33
32 35
32 37
32 39
32 41
32 42
32 43
33 36
33 37
33 39
33 43
33 44
33 45
34 35
34 37
34 38
34 39
34 40
34 41
34 43
34 45
35 37
35 39
35 41
35 45
36 37
36 38
36 42
36 43
37 39
37 40
37 42
37 43
37 44
37 45
38 40
38 41
38 43
38 44
38 45
39 42
39 43
40 41
40 42
40 44
41 42
42 44
42 45
43 44
43 45

1 1 0
1 2 0
1 3 5
1 4 6
1 5 6
1 6 3
1 7 5
1 8 6
1 9 9
1 10 0
1 11 2
1 12 2
1 13 8
1 14 9
1 15 1
1 16 7
1 17 3
1 18 7
1 19 9
1 20 8
1 21 7
1 22 4
1 23 1
1 24 8
1 25 7
1 26 2
1 27 1
1 28 3
1 29 4
1 30 10
1 31 2
1 32 8
1 33 9
1 34 7
1 35 2
1 36 9
1 37 0
1 38 10
1 39 5
1 40 4
1 41 2
1 42 2
1 43 3
1 44 6
1 45 9
2 1 3
2 2 6
2 3 1
2 4 9
2 5 7
2 6 10
2 7 10
2 8 9
2 9 4
2 10 1
2 11 10
2 12 7
2 13 9
2 14 10
2 15 7
2 16 0
2 17 8
2 18 7
2 19 5
2 20 7
2 21 1
2 22 0
2 23 6
2 24 8
2 25 10
2 26 7
2 27 5
2 28 4
2 29 10
2 30 3
2 31 5
2 32 9
2 33 3
2 34 4
2 35 3
2 36 4
2 37 0
2 38 2
2 39 10
2 40 9
2 41 2
2 42 5
2 43 3
2 44 4
2 45 9
3 1 0
3 2 3
3 3 3
3 4 10
3 5 1
3 6 7
3 7 10
3 8 0
3 9 5
3 10 5
3 11 3
3 12 9
3 13 7
3 14 9
3 15 3
3 16 4
3 17 8
3 18 0
3 19 6
3 20 6
3 21 4
3 22 1
3 23 8
3 24 4
3 25 8
3 26 4
3 27 3
3 28 10
3 29 1
3 30 1
3 31 2
3 32 5
3 33 8
3 34 9
3 35 6
3 36 4
3 37 2
3 38 6
3 39 10
3 40 9
3 41 6
3 42 3
3 43 5
3 44 9
3 45 10
4 1 0
4 2 3
4 3 2
4 4 5
4 5 10
4 6 9
4 7 5
4 8 3
4 9 6
4 10 8
4 11 4
4 12 4
4 13 7
4 14 3
4 15 1
4 16 5
4 17 9
4 18 8
4 19 1
4 20 2
4 21 6
4 22 10
4 23 6
4 24 4
4 25 8
4 26 4
4 27 9
4 28 5
4 29 4
4 30 5
4 31 4
4 32 5
4 33 2
4 34 0
4 35 0
4 36 0
4 37 0
4 38 0
4 39 2
4 40 8
4 41 4
4 42 0
4 43 0
4 44 7
4 45 3
5 1 9
5 2 8
5 3 1
5 4 9
5 5 5
5 6 2
5 7 10
5 8 9
5 9 9
5 10 4
5 11 10
5 12 4
5 13 6
5 14 1
5 15 6
5 16 1
5 17 3
5 18 7
5 19 4
5 20 6
5 21 3
5 22 7
5 23 2
5 24 4
5 25 1
5 26 0
5 27 4
5 28 10
5 29 10
5 30 4
5 31 10
5 32 9
5 33 9
5 34 8
5 35 1
5 36 10
5 37 1
5 38 4
5 39 1
5 40 4
5 41 5
5 42 1
5 43 10
5 44 7
5 45 8
6 1 8
6 2 1
6 3 7
6 4 6
6 5 10
6 6 7
6 7 2
6 8 7
6 9 7
6 10 0
6 11 3
6 12 9
6 13 1
6 14 0
6 15 4
6 16 2
6 17 4
6 18 6
6 19 8
6 20 5
6 21 6
6 22 9
6 23 6
6 24 5
6 25 8
6 26 3
6 27 0
6 28 10
6 29 9
6 30 7
6 31 7
6 32 3
6 33 10
6 34 1
6 35 2
6 36 8
6 37 8
6 38 10
6 39 3
6 40 9
6 41 2
6 42 8
6 43 2
6 44 0
6 45 0
7 1 8
7 2 3
7 3 2
7 4 6
7 5 1
7 6 0
7 7 7
7 8 1
7 9 7
7 10 6
7 11 5
7 12 9
7 13 5
7 14 9
7 15 7
7 16 5
7 17 10
7 18 9
7 19 10
7 20 5
7 21 3
7 22 4
7 23 7
7 24 7
7 25 0
7 26 10
7 27 8
7 28 10
7 29 4
7 30 1
7 31 7
7 32 2
7 33 1
7 34 3
7 35 3
7 36 5
7 37 2
7 38 1
7 39 6
7 40 0
7 41 4
7 42 7
7 43 6
7 44 5
7 45 2
8 1 1
8 2 7
8 3 2
8 4 6
8 5 1
8 6 8
8 7 10
8 8 1
8 9 7
8 10 2
8 11 0
8 12 6
8 13 10
8 14 9
8 15 8
8 16 5
8 17 3
8 18 5
8 19 1
8 20 2
8 21 1
8 22 0
8 23 3
8 24 0
8 25 0
8 26 9
8 27 9
8 28 3
8 29 9
8 30 0
8 31 3
8 32 4
8 33 8
8 34 3
8 35 1
8 36 8
8 37 2
8 38 4
8 39 1
8 40 5
8 41 3
8 42 4
8 43 5
8 44 9
8 45 7
9 1 1
9 2 8
9 3 8
9 4 9
9 5 4
9 6 1
9 7 4
9 8 2
9 9 0
9 10 9
9 11 10
9 12 10
9 13 8
9 14 5
9 15 4
9 16 2
9 17 7
9 18 4
9 19 8
9 20 3
9 21 4
9 22 8
9 23 3
9 24 8
9 25 2
9 26 1
9 27 3
9 28 10
9 29 7
9 30 2
9 31 5
9 32 10
9 33 3
9 34 7
9 35 0
9 36 1
9 37 6
9 38 4
9 39 1
9 40 5
9 41 5
9 42 2
9 43 0
9 44 1
9 45 3
10 1 4
10 2 4
10 3 1
10 4 5
10 5 9
10 6 2
10 7 2
10 8 10
10 9 1
10 10 9
10 11 4
10 12 6
10 13 8
10 14 2
10 15 1
10 16 3
10 17 0
10 18 5
10 19 4
10 20 8
10 21 3
10 22 7
10 23 7
10 24 3
10 25 8
10 26 0
10 27 9
10 28 10
10 29 5
10 30 3
10 31 0
10 32 6
10 33 6
10 34 9
10 35 10
10 36 5
10 37 0
10 38 6
10 39 0
10 40 9
10 41 0
10 42 4
10 43 4
10 44 2
10 45 2