vergleich aller algs bei 11*11 feld.

alg 1:
[[ 1.   1.   1.   1.   1.   1.   1.   1.   1.   1.   1. ]
 [ 1.   0.   0.   0.   0.   0.   0.   0.   0.   0.   1. ]
 [ 1.1  0.   0.   0.   0.   0.   0.   0.   0.   0.   1.1]
 [ 1.2  0.   0.   0.   0.   0.   0.   0.   0.   0.   1.2]
 [ 1.3  0.   0.7  1.3  1.9  4.8  1.9  1.3  0.7  0.   1.3]
 [ 1.7  0.   0.   0.   2.8 45.1  0.   0.   0.   0.   1.7]
 [ 1.3  0.4  1.2  1.8  2.4  5.3  2.4  1.8  1.2  0.5  1.3]
 [ 1.2  0.   0.   0.   0.   0.   0.   0.   0.   0.   1.2]
 [ 1.1  0.   0.   0.   0.   0.   0.   0.   0.   0.   1.1]
 [ 1.   0.   0.   0.   0.   0.   0.   0.   0.   0.   1. ]
 [ 1.   1.   1.   1.   1.   1.   1.   1.   1.   1.   1. ]] 
verwendete Schritte: 80

alg 1.5:
[[ 1.   1.   1.   1.   1.   1.   1.   1.   1.   1.   1. ]
 [ 1.   0.   0.   0.   0.   0.   0.   0.   0.   0.   1. ]
 [ 1.1  0.   0.   0.   0.   0.   0.   0.   0.   0.   1.1]
 [ 1.2  0.   0.   0.   0.   0.   0.   0.   0.   0.   1.2]
 [ 1.3  0.   0.7  1.3  1.9  4.8  1.9  1.3  0.7  0.   1.3]
 [ 1.7  0.   0.   0.   2.8 45.1  0.   0.   0.   0.   1.7]
 [ 1.3  0.4  1.2  1.8  2.4  5.3  2.4  1.8  1.2  0.5  1.3]
 [ 1.2  0.   0.   0.   0.   0.   0.   0.   0.   0.   1.2]
 [ 1.1  0.   0.   0.   0.   0.   0.   0.   0.   0.   1.1]
 [ 1.   0.   0.   0.   0.   0.   0.   0.   0.   0.   1. ]
 [ 1.   1.   1.   1.   1.   1.   1.   1.   1.   1.   1. ]] 
verwendete Schritte: 80

alg 2:
[[ 1.   1.   1.1  1.   1.   1.   1.   1.   1.   1.   1. ]
 [ 1.   0.   0.   0.3  0.   0.   0.   0.   0.2  0.   1. ]
 [ 1.   0.2  0.   0.   0.7  0.   0.   0.5  0.   0.   1.1]
 [ 1.   0.   0.5  0.   0.   1.2  0.9  0.   0.   0.3  1. ]
 [ 1.   0.   0.   0.9  0.   3.7  0.5  0.   0.7  0.   1. ]
 [ 1.   0.   0.   1.2  0.  51.3  3.9  1.2  0.   0.   1. ]
 [ 1.   0.   0.7  0.   0.5  5.5  0.   0.9  0.   0.   1. ]
 [ 1.   0.3  0.   0.   0.9  1.2  0.   0.   0.5  0.   1. ]
 [ 1.1  0.   0.   0.5  0.   0.   0.7  0.   0.   0.2  1. ]
 [ 1.   0.   0.2  0.   0.   0.   0.   0.3  0.   0.   1. ]
 [ 1.   1.   1.   1.   1.   1.   1.   1.   1.1  1.   1. ]] 
verwendete Schritte: 80

alg 2.5:
[[ 1.   1.   1.1  1.   1.   1.   1.   1.   1.   1.   1. ]
 [ 1.   0.   0.   0.4  0.   0.   0.   0.   0.2  0.   1. ]
 [ 1.   0.2  0.   0.   0.9  0.   0.   0.6  0.   0.   1.1]
 [ 1.   0.   0.6  0.7  0.1  1.5  0.   0.9  0.   0.3  1. ]
 [ 1.   0.   0.   0.   0.   0.   2.   0.2  0.7  0.   1. ]
 [ 1.   0.   0.   1.2  0.6 49.7  0.2  1.2  0.   0.   1. ]
 [ 1.   0.   0.7  0.2  5.5  0.5  4.4  0.   0.   0.   1. ]
 [ 1.   0.3  0.   1.2  0.   1.5  0.1  1.1  0.6  0.   1. ]
 [ 1.1  0.   0.   0.6  0.   0.   0.9  0.   0.   0.2  1. ]
 [ 1.   0.   0.2  0.   0.   0.   0.   0.4  0.   0.   1. ]
 [ 1.   1.   1.   1.   1.   1.   1.   1.   1.1  1.   1. ]]
verwendete Schritte: 88

alg 3:
[[ 1.   1.   1.1  1.   1.   1.   1.   1.   1.   1.   1. ]
 [ 1.   0.   0.1  0.3  0.   0.   0.   0.   0.   0.   1. ]
 [ 1.   0.   0.   0.2  0.7  0.   0.   0.   0.   0.1  1.1]
 [ 1.   0.   0.   0.   0.4  1.3  0.   0.   0.2  0.3  1. ]
 [ 1.   0.   0.   0.   0.   3.9  0.6  0.4  0.7  0.   1. ]
 [ 1.   0.   0.   1.2  0.  53.7  4.1  1.2  0.   0.   1. ]
 [ 1.   0.   0.7  0.4  0.6  5.8  0.   0.   0.   0.   1. ]
 [ 1.   0.3  0.2  0.   0.   1.3  0.4  0.   0.   0.   1. ]
 [ 1.1  0.1  0.   0.   0.   0.   0.7  0.2  0.   0.   1. ]
 [ 1.   0.   0.   0.   0.   0.   0.   0.3  0.1  0.   1. ]
 [ 1.   1.   1.   1.   1.   1.   1.   1.   1.1  1.   1. ]]
verwendete Schritte: 80

alg 4:
[[   0    0    0    0    0    0    0    0    0    0    0    0    0]
 [   0    0    0    0    0    0    0    0    0    0    0    0    0]
 [   0    0    0    0    0    0    0    0    0    0    0    0    0]
 [   0    0    0    0    0    0    0    0    0    0    0    0    0]
 [   0    0    0    0    0    0    0    0    0    0    0    0    0]
 [   0    0    0    0    0    0    0    0    0    0    0    0    0]
 [   0    0    0    0    0    0 8100    0    0    0    0    0    0]
 [   0    0    0    0    0    0    0    0    0    0    0    0    0]
 [   0    0    0    0    0    0    0    0    0    0    0    0    0]
 [   0    0    0    0    0    0    0    0    0    0    0    0    0]
 [   0    0    0    0    0    0    0    0    0    0    0    0    0]
 [   0    0    0    0    0    0    0    0    0    0    0    0    0]
 [   0    0    0    0    0    0    0    0    0    0    0    0    0]]
verwendete Schritte: 4899
